778755821
975036123
174831356
36019388
1635302990
906369245
1013375591
1894881774
1981606431
472866664
399893289
730953003
630618996
4957970
846603460
1561477021
975455052
1432870958
1276281981
1395096877
1125441076
981621639
1513231317
524886934
224108255
283745938
1476937762
564522244
1519444836
236938462
530143581
150717009
1211974585
704974937
186736397
699793928
1611344182
1200111989
447192054
1445466965
1672978653
847085343
28936321
156114002
852043313
875539781
1717591023
1827498365
160927092
846389356
1075111594
1286368168
1828010996
440859263
1811255102
2052119251
724605201
1140709216
469157847
96566389
1377647678
999301428
247283399
442138616
1704276365
434019796
1141932544
1168136900
1634131785
1589124598
466120217
1159626791
288726294
495056538
1315740793
1140769607
1370596320
885848168
820784325
1531523412
1732237525
1895895919
670407932
1412764873
189271535
334179387
1317400476
913876736
1474888603
1786558323
1010443126
705052634
638376103
1257726525
1147191250
195168820
1691746321
141640146
1363305720
1178394459
1730764744
1829425938
190537602
2019491038
176998828
1506278395
1012776998
1547595148
244642915
1833561323
931634912
1976880440
1581973594
1602042845
1242161665
1771245129
1936222232
412078493
537638218
1263627187
51153168
1548081344
1968679821
689529271
658324221
968387423
884698092
202586894
1110027569
100520164
1380981353
693308666
1929946102
1571518955
565316056
2106944931
930313702
1578093054
1507056431
1174956618
1264170729
291207696
1004353410
698660676
1893250541
99031428
322422157
1681989125
511109921
860060375
798132664
562263090
260658071
619328838
1251792361
918982292
1587716261
2136490453
1121569187
550260183
89526970
355066892
1243568849
2019473072
1926585848
1808884905
1978934355
709415902
1239494312
1338507139
1884372520
356181393
1629714835
741242283
1054842069
1375481728
840273711
1377264227
909987205
1351383632
89840954
1708119869
1913646722
350499026
179965059
1017955436
1269481318
1767681321
1006962241
243566857
170457856
1096489211
598633750
1414026705
968478636
377735950
1075427962
799929343
1087151852
167438626
2138436482
824040725
523620020
1620667669
1565283008
1578462089
848665749
258073071
808242668
1758652954
1609456703
898083623
1319289176
1375619778
1248582649
1499254235
246091566
370580319
1119451908
1253053807
614147177
1289909764
202059371
1212780927
556452821
1170538007
1590516877
1631880784
1970467350
530185081
1799319410
1961420185
1354225806
175455782
1434604206
772025166
1753917872
135786308
1030098237
414676892
1894439262
492071293
1312760515
1066244790
1867691071
413859516
418015378
2113782637
784439836
1537467286
1219352796
1398587013
679893403
1421412167
463884292
1236346224
444466526
2054401169
720743360
267450229
437102602
372579123
81386766
1791328409
548034905
1515990972
415869927
154469129
1651777280
1445968165
569146022
1398732895
1938039458
1881906537
317494037
1658246881
148282406
735509415
1624545870
932722242
125493054
696415018
183825607
805386457
2117827186
647709899
2041732681
414810064
554627420
614992394
682260293
991730022
987571517
763647059
635574783
1535606422
132154384
1051444711
1690075552
1783931664
349929228
111737926
1035180911
140485038
1993644463
1352674949
1798731919
2141926869
2088184364
1275794141
927165463
66193770
1972209159
1110991070
871580227
1942552697
1758700969
765829261
209879114
165844741
1380821655
892139407
1157574764
220909524
1655786467
1793149547
1756515946
1787940851
697110610
1299107850
1424388867
1047039838
1410845776
312086131
1187524876
1257006592
1664761080
838773147
1251449813
1605461796
2114567288
31131629
1671655567
1939292800
1142122699
395752146
1734361849
753340021
1161581407
1944240963
919184762
394919414
688896723
2076759526
615828938
197199542
1722425426
224861237
1985140393
272052388
1523969087
1262045612
1319092227
787331216
1574131743
359133455
2044337808
1091409175
1197906603
1148303973
549387324
1164990243
1179435602
73559243
956799395
174074654
469311389
543677597
927414675
1630892797
340434912
1846599437
2025812211
1029331635
1775875316
494157502
1226531177
1350817094
719018739
1064187922
1622869482
95504178
178749887
794478061
882835394
1752881630
1153611517
779689554
696807158
204034472
1927993528
1246194482
1369024715
959945482
1319753725
178340463
1134020136
1789065114
722018060
2061434811
1272474263
1062452972
1760550601
1150802827
2091784608
1388942269
1644960329
1170832137
592275715
216495420
87536412
67661549
311999598
266286299
862139611
1194834993
2019167929
2015751128
1974524547
568491439
72301952
1755034427
1814685921
1441326667
567496262
986955998
1619667130
1701516398
628537465
194201542
1615467562
1901011728
1256654515
1228534515
904330907
1200955475
469993136
401807588
224303964
1062268851
618303008
311840376
1129930400
930302607
578126675
1992070011
2125137600
449810957
1860337491
1952178499
1018302396
1932639443
1559729279
685504670
1226482463
2127225541
1672460668
698665945
1681258291
153514485
892867488
1149242205
2054526214
2038355
230293072
811373473
1202993830
700286208
1213181062
1427297794
1762555059
1831484070
1739138171
745001812
614303029
169781198
589588175
591956981
619592155
302442019
396651833
1637894552
87597814
1956381112
175915574
1314080277
1936123005
1848376242
2012746223
1469897648
2001890728
758130063
471656206
1908933294
760168418
701949278
572823119
1963162248
1402235487
1786004181
1242976394
1017306898
1470004604
834630917
1762308710
2084307633
1004412116
204413238
528780967
1624004271
506855257
925432800
1114415175
594453071
734330264
1290330749
1908533349
522969621
991223344
1773795924
1992867269
845630424
384442339
317039827
607080070
1144610757
1018989106
1179903189
960289357
273740945
818423723
55782103
1291047843
140944679
890413021
905872906
77768664
1894825137
1110286144
606549631
1371345760
1617141401
1531982431
338277288
64110824
118829047
1628608037
1972644173
641798668
472347733
1598956449
487182290
1317978157
1983398788
804222117
1925058227
980525897
1823211223
957477769
1940815254
2096952168
1775901492
1996597358
1240516364
1916846171
739526731
2146389270
1994614835
486868220
1109191766
453680819
1858213980
578849519
1985663250
49007620
642960343
2104492298
1677615658
468120869
598807318
2479743
2067077318
1085989608
1320457901
1902992459
1890211726
1098032480
736034708
1565939301
2055510249
529366315
1515407822
1683928093
378480025
608440538
1453290616
1118006756
607346160
1300421804
1604874976
1716537926
1754102623
1315605308
147903797
1592282225
1364612929
790864140
1549290875
894744939
1258985009
614546
897224682
1178578680
1086604154
70198935
934087491
829332232
1168231416
1670122199
247787886
1076258017
52004866
1763195708
612702463
430484891
224152598
2065993079
1548491647
831498758
1218931235
1005882975
400553036
825550210
174004636
548456833
270348788
1538617565
1339320973
1819639663
285878856
450822335
1820254209
1183103538
1629401015
759374716
1253302474
416004858
1588706948
274050242
2086127057
1836494834
1350308259
2138131924
1452206894
1963010722
421133167
1676359492
1881520154
1969624815
360374602
952967741
828024142
760927638
1778517952
1002028778
1309384471
2048866740
393162695
501221797
1721022755
679041551
952044132
1393793317
1862145090
433961499
5684385
967963916
849966357
1594391333
1242014158
788609766
1283402520
444838769
779258042
588125766
260365844
1200391210
117001611
2141885998
1022532377
477376213
947370091
1850556519
1238303852
578404395
705101650
400204675
479787487
1098264345
901426472
53326595
1777305897
1853470604
1447119912
1491967339
139948455
1452804297
312447607
989914812
899711982
1554461765
1778524579
35630854
1999300534
410298973
623756621
112182730
1610690183
740758232
106585080
485738912
1218134445
1053955172
188811784
308954649
1632359567
893913434
709159325
2112147055
1992177779
1610585797
17990002
1622000028
1316572754
1465109914
966483719
1456521209
770430563
1278931326
298952374
1670142545
685909443
2077476953
1705773400
537726330
340292278
182046373
649909060
1950982462
922804605
756494141
289237726
2140939050
1810449313
478049510
302410052
1295325232
1371962944
1011569377
1259988639
1216657076
474671526
1277978641
691173456
1791244280
595604907
1657657176
1100281842
1366035470
789104854
1399234216
888694368
1475014298
1329227521
446984120
2012740628
1669519799
629030493
515166040
1473018613
1551835098
1271660181
1762256340
1545290500
934625846
92822202
1847700552
82467431
1464785147
711786281
1342456070
533958575
1186457808
472951064
1225132031
830218440
1068555971
735305559
1930500282
287107794
1524410414
1182250850
1175802162
851941064
363994723
1622786282
717198044
2033514523
104333127
1232364084
1359049488
1656168225
356540618
973822180
1053975077
1291166464
1066644383
754191982
1373633895
383945882
1465978263
568606318
917904457
504952423
1041557382
2143036488
1335170864
2110113353
730858400
1118187498
249737499
107785166
152954701
1425539661
959726230
516949424
900842295
1676924274
402980299
1005175422
761804710
1762029788
513859999
1118345328
588368320
1567835077
262028145
1655012703
174543411
1635662040
2038958585
1640521674
56784710
809379394
2145474098
1098342092
804932235
1333161314
1060971798
1535790635
303865164
1310709297
1643575801
456819865
588765311
455818383
973769290
1489607606
2132742657
1376749589
347299381
747063719
991295729
861159380
1865409048
1579664050
281510809
2127437193
1087193105
456054220
1615615585
978668043
2096575895
1672400296
1788047437
2094566345
623258740
445496024
1280244011
1684230538
1981286659
1584109175
847456188
1477378812
2040929041
1436221499
1933197195
867214683
778345457
1918456204
96480624
1125644838
518036276
1087776354
1986804219
235961676
519956756
120831380
215915221
1607149861
576885601
1831530806
438334256
525977848
1356447454
78898046
473060545
1979706195
524394070
1753304556
1516453085
358197082
1189930083
216425625
1835575894
1083375476
1652647124
1621289442
1950590159
283508934
1392261998
2047070784
1409153772
1910298274
987363490
1248474343
2146259950
1507320246
1369305724
214691523
966986459
1946191325
2046222330
1405320716
324685525
1255186136
1484218762
797746070
1087408683
2008612832
403566978
456378121
219326266
1593497061
672803746
2054902161
529388890
177967223
1528707955
332495401
461476157
773486305
232082537
1870629929
536300932
1219446027
971620625
535077234
579282625
193442701
749768758
1546269085
2139634026
648507440
804106153
316835903
1903693576
140841267
1114581973
843618612
1970451
1518148951
1299996733
221296718
964162364
1972800479
128715231
1493551254
3284054
1657423186
